1523.8
1578.8
2053.4
2131.5
2161.5
2555.1
3107.4
3167.7
3541.8
3656.1
4039.5
4489.8
4607.3
4615.4
4791.7
4877.8
5498.3
5597.6
5618.5
5633.5
6535.6
7224.2
7377.5
8323.7
8454.9
8508.5
8564.8
8786.7
9220.6
9239.6
9395.2
9512.9
9592
9768.9
9889.2
9930.4
9989.5
9990.5
10119.6
10184.3
10321.1
10354.9
10416.1
10452.3
11013.5
11023.5
11236.1
11240.9
11349
11367.3
11474.2
11480.2
11605.4
11635.4
11645.1
11725.8
11776.3
12021.9
12169.8
12335.9
12345.9
12433.4
12477.1
12558.4
12559.4
12605.3
12658.4
12690.6
12693.6
12758.5
12796.7
12809.9
12927.8
13039.6
13125
13134.2
13137.7
13421.4
13508.6
13533.7
13552.6
13644.8
13858.9
13890
13906
13908
13910
13920.1
13922
13939.8
13946.1
13963.1
13964.1
13964.2
13974.2
13988.2
13990.1
13990.2
13994.1
13999.2
14044.2
14045.3
14068.3
14077.3
14093.3
14095.4
14105.4
14119.4
14121.4
14125.2
14135.4
14149.4
14152.4
14175.4
14188.4
14210.8
14221.8
14224.5
14272.4
14283.5
14469.7
14504.1
14508.6
14515.3
14548.4
14728.2
14908
14915.4
14983.1
15060.1
15114.4
15196.6
15197.2
15256.7
15272.7
15284.4
15293.2
15295.6
15327.7
15328.4
15357.8
15363.6
15369.8
15373.3
15377.3
15387.9
15403.9
15444.3
15478.9
15492.9
15524.5
15755.3
15777.3
15802.6
15806.7
15848.1
15851.2
15906.2
15965.3
15979.2
15979.3
15982.4
15988.4
16022.4
16037.4
16077.4
16104.4
16361.8
16387.9
16398.8
16452
16540.2
16540.3
16579.8
16642.6
16646.6
16706.3
16802.5
16815.4
16837.5
16925.1
17034.6
17061.4
17078
17103.4
17133.5
17134.8
17171.6
17177.6
17192.6
17224.5
17225.3
17240.1
17254.9
17270.8
17282.9
17485.9
17627
17646.8
17728.3
17743
17801.6
17822.1
17872.4
17874.2
17950.8
18052.6
18059.1
18095.9
18172
18206.9
18216.6
18347.6
18401.2
18486.6
18487.5
18514.7
18532.3
18536.9
18538.5
18610.2
18611.3
18624.9
18709.4
18844
18922.9
19088.8
19093
19118.9
19231.5
19353.7
19479.5
19514.4
19612.3
19790.3
19851.8
19877.3
19974
